amin
500 854 101 46 0 10 0 false
1
198 550 30 30 4.0 -3.0 false
54
2 10 90 1
2 110 90 1
5 210 90 2
2 310 90 1
3 410 90 1
4 510 90 1
3 610 90 1
5 710 90 2
2 810 90 1
4 10 130 1
3 110 130 1
1 210 130 0 1 1618014863140
5 310 130 2
1 410 130 0 1 1618014863163
3 510 130 1
3 610 130 1
3 710 130 1
2 810 130 1
1 10 170 0 1 1618014863163
2 110 170 1
1 210 170 0 1 1618014863163
3 310 170 1
5 410 170 2
3 510 170 1
4 610 170 1
1 710 170 0 1 1618014863163
4 810 170 1
5 10 210 2
5 110 210 2
2 210 210 1
5 310 210 2
3 410 210 1
4 510 210 1
4 610 210 0
3 710 210 1
5 810 210 2
5 10 250 2
2 110 250 1
4 210 250 1
5 310 250 0
1 410 250 0 1 1618014863145
3 510 250 0
5 610 250 0
5 710 250 2
1 810 250 0 0 1618014860125
2 10 50 1
5 110 50 2
4 210 50 1
5 310 50 2
3 410 50 1
2 510 50 1
3 610 50 1
3 710 50 1
4 810 50 1
1
610 864 50 50 SHORT_PADDLE false true 1618014863087
1618014863740
3
1618014837939