amin
0 854 201 46 0 10 1 false
1
520 275 30 30 -3.9725 1.5 false
108
1 10 330 0 0 1618077572823
1 110 330 0 0 1618077506276
1 210 330 0 0 1618077504247
1 310 330 0 0 1618077498217
4 410 330 0
1 510 330 0 0 1618077536525
2 610 330 0
5 710 330 0
5 810 330 1
2 10 370 0
2 110 370 0
3 210 370 0
1 310 370 0 0 1618077484116
4 410 370 0
5 510 370 0
3 610 370 0
5 710 370 0
2 810 370 0
4 10 410 0
3 110 410 0
2 210 410 0
5 310 410 0
5 410 410 0
4 510 410 0
4 610 410 0
5 710 410 1
3 810 410 1
2 10 450 0
3 110 450 0
2 210 450 0
4 310 450 0
2 410 450 0
1 510 450 0 0 1618077498217
4 610 450 0
2 710 450 0
3 810 450 0
3 10 490 0
1 110 490 0 0 1618077449838
3 210 490 0
2 310 490 0
3 410 490 0
3 510 490 0
5 610 490 0
5 710 490 0
4 810 490 0
5 10 290 0
2 110 290 0
1 210 290 0 0 1618077504247
4 310 290 0
5 410 290 0
3 510 290 0
4 610 290 0
4 710 290 0
1 810 290 0 1 1618077643180
4 10 250 0
3 110 250 0
3 210 250 0
5 310 250 0
2 410 250 0
5 510 250 0
1 610 250 0 0 1618077562555
4 710 250 0
2 810 250 0
1 10 210 0 0 1618077618978
1 110 210 1 1 1618077643180
1 210 210 0 0 1618077582458
4 310 210 0
5 410 210 0
3 510 210 0
5 610 210 0
4 710 210 0
3 810 210 0
3 10 170 0
1 110 170 0 0 1618077596279
1 210 170 0 0 1618077596279
5 310 170 0
4 410 170 0
4 510 170 0
2 610 170 0
1 710 170 1 1 1618077643181
5 810 170 1
5 10 130 2
3 110 130 0
2 210 130 0
4 310 130 0
4 410 130 0
2 510 130 0
1 610 130 0 0 1618077627064
2 710 130 0
2 810 130 1
1 10 90 0 0 1618077599858
5 110 90 0
3 210 90 0
1 310 90 0 0 1618077597843
1 410 90 0 0 1618077597843
5 510 90 0
4 610 90 0
2 710 90 0
3 810 90 1
2 10 50 1
3 110 50 1
4 210 50 1
4 310 50 1
5 410 50 2
3 510 50 1
1 610 50 1 1 1618077643075
4 710 50 1
4 810 50 1
20
310 15107 50 50 CONFUSED_PADDLE true false 7170
410 12512 50 50 SLOW_BALL false false 1618077514303
410 12552 50 50 MULTIPLE_BALL true false 7170
510 12567 50 50 MULTIPLE_BALL false false 1618077512731
610 12224 50 50 SLOW_BALL true false 7170
10 11943 50 50 FAST_BALL false false 1618077519815
310 11910 50 50 LONG_PADDLE false false 1618077520370
610 11828 50 50 LONG_PADDLE true false 7170
710 11828 50 50 CONFUSED_PADDLE true false 7170
710 11788 50 50 RANDOM_PRIZE true false 7170
10 11800 50 50 MULTIPLE_BALL false false 1618077521370
810 11373 50 50 CONFUSED_PADDLE true false 7170
610 10070 50 50 SHORT_PADDLE true false 7170
310 8951 50 50 SLOW_BALL true false 7170
710 8798 50 50 SHORT_PADDLE false false 1618077554603
410 3878 50 50 CONFUSED_PADDLE false false 1618077609270
310 3571 50 50 FIREBALL true false 7170
410 3539 50 50 MULTIPLE_BALL true false 7170
510 3146 50 50 MULTIPLE_BALL false false 1618077617418
610 1479 50 50 CONFUSED_PADDLE false false 1618077635940
1618077643440
3
1618077635015