amin
110 854 101 46 0 10 0 false
2
132 61 30 30 6.182499999999999 3.0 false
496 351 30 30 4.245 3.0 false
90
2 10 250 0
1 110 250 0 0 1618078133220
3 210 250 0
4 310 250 0
5 410 250 0
2 510 250 0
2 610 250 0
5 710 250 0
1 810 250 0 0 1618078157429
5 10 290 0
5 110 290 0
3 210 290 0
4 310 290 0
2 410 290 0
5 510 290 0
1 610 290 0 0 1618078157407
3 710 290 0
2 810 290 0
1 10 330 0 0 1618078125141
1 110 330 0 0 1618078115056
2 210 330 0
4 310 330 0
1 410 330 0 0 1618078215853
1 510 330 0 0 1618078215853
2 610 330 0
2 710 330 0
4 810 330 0
1 10 370 0 0 1618078098941
3 110 370 0
1 210 370 0 0 1618078094899
2 310 370 0
2 410 370 0
4 510 370 0
3 610 370 0
2 710 370 0
3 810 370 0
2 10 410 0
3 110 410 0
2 210 410 0
1 310 410 0 0 1618078094899
5 410 410 0
5 510 410 0
3 610 410 0
4 710 410 0
2 810 410 0
2 10 210 0
1 110 210 0 0 1618078133220
2 210 210 0
5 310 210 0
3 410 210 0
1 510 210 0 0 1618078195712
4 610 210 0
2 710 210 0
1 810 210 0 0 1618078157407
1 10 170 0 0 1618078171296
4 110 170 0
3 210 170 0
1 310 170 0 0 1618078110806
2 410 170 0
1 510 170 0 0 1618078120874
2 610 170 0
5 710 170 0
3 810 170 0
2 10 130 0
5 110 130 0
5 210 130 0
1 310 130 0 0 1618078165018
5 410 130 0
2 510 130 0
3 610 130 0
4 710 130 0
1 810 130 0 0 1618078162996
2 10 90 0
4 110 90 0
2 210 90 0
4 310 90 0
4 410 90 0
2 510 90 0
3 610 90 0
4 710 90 0
5 810 90 2
1 10 50 0 1 1618078215918
3 110 50 0
1 210 50 0 0 1618078204840
3 310 50 0
4 410 50 0
4 510 50 0
3 610 50 0
4 710 50 1
1 810 50 0 1 1618078215918
15
310 9661 50 50 FIREBALL false false 1618078118561
310 9689 50 50 MULTIPLE_BALL false false 1618078118561
310 9716 50 50 SHORT_PADDLE false false 1618078118561
710 8943 50 50 SLOW_BALL false false 1618078126228
610 8669 50 50 CONFUSED_PADDLE true false 0
810 8745 50 50 LONG_PADDLE true false 0
510 6328 50 50 CONFUSED_PADDLE true false 0
710 4771 50 50 MULTIPLE_BALL false false 1618078172750
110 4173 50 50 SLOW_BALL false false 1618078179228
110 3746 50 50 RANDOM_PRIZE true false 0
310 2526 50 50 MULTIPLE_BALL true false 0
710 2496 50 50 SLOW_BALL false false 1618078197861
410 1974 50 50 FIREBALL false false 1618078203661
410 1206 50 50 SHORT_PADDLE false true 1618078212195
510 1171 50 50 RANDOM_PRIZE true false 0
1618078216657
3
1618078200806