amin
550 854 201 46 0 10 1 true
1
688 637 30 30 2.4425 -3.0 false
72
4 10 170 0
3 110 170 0
3 210 170 0
5 310 170 0
1 410 170 0 0 1618076042619
3 510 170 0
3 610 170 0
3 710 170 0
4 810 170 1
1 10 210 0 0 1618076026480
3 110 210 0
5 210 210 0
1 310 210 0 0 1618076042619
4 410 210 0
5 510 210 0
3 610 210 0
5 710 210 0
3 810 210 0
3 10 250 0
3 110 250 0
4 210 250 0
5 310 250 0
4 410 250 0
2 510 250 0
3 610 250 0
3 710 250 0
3 810 250 0
5 10 290 0
2 110 290 0
4 210 290 0
5 310 290 0
2 410 290 0
4 510 290 0
4 610 290 0
5 710 290 0
2 810 290 0
1 10 330 0 0 1618076026468
1 110 330 0 0 1618076026468
2 210 330 0
3 310 330 0
5 410 330 0
5 510 330 0
4 610 330 0
3 710 330 0
1 810 330 0 0 1618076083973
3 10 130 0
2 110 130 0
2 210 130 0
3 310 130 0
3 410 130 0
1 510 130 0 0 1618076069859
5 610 130 2
4 710 130 1
2 810 130 1
2 10 90 0
3 110 90 0
2 210 90 0
2 310 90 0
2 410 90 0
5 510 90 0
2 610 90 1
5 710 90 2
5 810 90 2
1 10 50 1 1 1618076110592
5 110 50 0
2 210 50 0
4 310 50 0
4 410 50 0
1 510 50 1 1 1618076110592
3 610 50 1
1 710 50 1 1 1618076110592
2 810 50 1
10
610 7719 50 50 FIREBALL false false 1618076035258
510 6934 50 50 CONFUSED_PADDLE true false 11496
610 6934 50 50 FIREBALL false false 1618076043425
410 6873 50 50 MULTIPLE_BALL true false 11496
410 6827 50 50 CONFUSED_PADDLE true false 11496
10 6222 50 50 MULTIPLE_BALL true false 11496
210 5850 50 50 CONFUSED_PADDLE false false 1618076055470
210 5229 50 50 RANDOM_PRIZE true false 11496
310 1433 50 50 FIREBALL false false 1618076104657
410 935 50 50 CONFUSED_PADDLE false true 1618076110091
1618076111536
2
1618076086426